# Coarse grained molecule (1 bead per amino acid) in lammps data format 
 
	 774 atoms
	 0  bonds
	 0  angles
	 0  dihedrals
	 0  impropers 

Coord 

1 	 -30.80000 	 -38.96300 	 -4.24300
2 	 -29.79400 	 -42.45800 	 -2.91000
3 	 -31.57000 	 -42.09600 	 0.48500
4 	 -31.55200 	 -38.44000 	 1.64600
5 	 -34.80900 	 -36.97800 	 0.24100
6 	 -37.02900 	 -39.91000 	 1.39000
7 	 -35.50300 	 -39.58600 	 4.90700
8 	 -36.50700 	 -35.91500 	 5.07900
9 	 -40.01700 	 -36.56600 	 3.71400
10 	 -40.62300 	 -39.39800 	 6.21600
11 	 -39.53600 	 -37.14700 	 9.11500
12 	 -42.42400 	 -34.79400 	 8.25900
13 	 -45.16500 	 -37.27600 	 7.27300
14 	 -44.55900 	 -39.40000 	 10.40000
15 	 -47.35600 	 -38.69500 	 12.94900
16 	 -44.97400 	 -39.12400 	 15.91800
17 	 -42.61800 	 -36.36000 	 14.73500
18 	 -42.28700 	 -33.52500 	 17.26400
19 	 -42.85700 	 -29.82800 	 16.49000
20 	 -39.06600 	 -29.40800 	 16.33900
21 	 -38.57200 	 -32.38800 	 13.99700
22 	 -41.12700 	 -31.20900 	 11.42300
23 	 -40.08600 	 -27.53000 	 11.52900
24 	 -36.31700 	 -28.09400 	 11.24400
25 	 -36.70500 	 -30.66000 	 8.44100
26 	 -38.95600 	 -28.45200 	 6.26600
27 	 -36.33400 	 -25.69300 	 6.44800
28 	 -33.69800 	 -28.26500 	 5.44800
29 	 -35.98300 	 -29.43400 	 2.61500
30 	 -36.49500 	 -25.78100 	 1.60100
31 	 -32.79400 	 -24.99500 	 1.13900
32 	 -32.25500 	 -28.22300 	 -0.85900
33 	 -34.83900 	 -27.02600 	 -3.40900
34 	 -32.73600 	 -23.86000 	 -3.80400
35 	 -29.66500 	 -26.01100 	 -4.55700
36 	 -30.05300 	 -28.87100 	 -7.06700
37 	 -31.28600 	 -28.61600 	 -10.67500
38 	 -34.58600 	 -30.33200 	 -11.74100
39 	 -32.50700 	 -33.35200 	 -12.92300
40 	 -32.75600 	 -35.01300 	 -9.49000
41 	 -35.65200 	 -33.05500 	 -7.93600
42 	 -38.38200 	 -33.68000 	 -10.56200
43 	 -38.63700 	 -37.36100 	 -9.58300
44 	 -38.82200 	 -36.32200 	 -5.92500
45 	 -41.20300 	 -33.36900 	 -6.50000
46 	 -44.11600 	 -35.75800 	 -5.92700
47 	 -42.70900 	 -36.68000 	 -2.48700
48 	 -41.29600 	 -33.25300 	 -1.55100
49 	 -44.73800 	 -31.63800 	 -2.01500
50 	 -46.35700 	 -34.38200 	 0.09700
51 	 -44.22500 	 -33.23000 	 3.04900
52 	 -44.56000 	 -29.51500 	 2.18600
53 	 -48.38500 	 -29.58000 	 1.96500
54 	 -48.43200 	 -31.68500 	 5.16600
55 	 -46.72700 	 -28.79800 	 6.99100
56 	 -48.95200 	 -26.07500 	 5.53700
57 	 -52.30700 	 -27.84500 	 6.07500
58 	 -55.09700 	 -26.11800 	 8.05100
59 	 -54.99700 	 -29.04000 	 10.51800
60 	 -51.39000 	 -28.30200 	 11.60600
61 	 -51.49600 	 -26.51800 	 15.01000
62 	 -47.96600 	 -25.03500 	 14.96300
63 	 -47.44600 	 -21.75000 	 13.09500
64 	 -43.67200 	 -22.31200 	 13.06900
65 	 -44.14900 	 -25.55200 	 11.11100
66 	 -46.51600 	 -23.68300 	 8.76100
67 	 -43.95800 	 -20.91800 	 8.05500
68 	 -41.15600 	 -23.44700 	 7.43400
69 	 -43.36600 	 -25.37600 	 4.99800
70 	 -44.73900 	 -22.27400 	 3.23600
71 	 -41.18300 	 -21.01800 	 2.65300
72 	 -40.29500 	 -24.49800 	 1.36700
73 	 -43.13300 	 -24.29000 	 -1.17400
74 	 -41.67500 	 -21.05600 	 -2.59000
75 	 -38.35700 	 -22.76300 	 -3.39300
76 	 -39.99200 	 -25.90000 	 -4.80800
77 	 -42.17700 	 -24.10400 	 -7.39100
78 	 -39.37300 	 -24.41800 	 -9.97900
79 	 -40.34500 	 -28.07000 	 -10.53700
80 	 -44.01400 	 -28.37500 	 -9.52700
81 	 -44.82900 	 -28.05300 	 -13.25500
82 	 -46.11900 	 -31.63600 	 -13.60700
83 	 -48.21700 	 -31.28800 	 -10.43800
84 	 -49.72700 	 -27.97000 	 -11.58800
85 	 -50.63800 	 -29.71100 	 -14.86100
86 	 -53.32700 	 -31.95700 	 -13.32400
87 	 -56.32700 	 -29.90700 	 -12.15200
88 	 -57.06400 	 -31.93600 	 -8.99400
89 	 -53.48600 	 -31.52700 	 -7.71500
90 	 -53.72700 	 -27.85300 	 -8.69100
91 	 -57.05200 	 -27.53000 	 -6.82500
92 	 -55.39200 	 -28.96800 	 -3.70500
93 	 -52.20900 	 -26.83800 	 -3.85400
94 	 -54.15600 	 -23.61000 	 -4.50900
95 	 -56.62100 	 -24.24900 	 -1.66500
96 	 -53.74300 	 -24.85700 	 0.77400
97 	 -51.93600 	 -21.67200 	 -0.32100
98 	 -55.17800 	 -19.63800 	 -0.16900
99 	 -56.02200 	 -20.96300 	 3.30600
100 	 -52.47300 	 -20.12600 	 4.40500
101 	 -53.08300 	 -16.47400 	 3.42300
102 	 -55.81900 	 -16.34000 	 6.08900
103 	 -53.52400 	 -17.46500 	 8.91200
104 	 -53.53800 	 -15.21600 	 12.04900
105 	 -49.70600 	 -15.28300 	 11.99300
106 	 -48.26400 	 -12.50900 	 9.80200
107 	 -45.02000 	 -14.34400 	 8.92700
108 	 -47.02600 	 -17.17800 	 7.33200
109 	 -49.46400 	 -14.66600 	 5.79100
110 	 -46.62900 	 -12.90700 	 3.90800
111 	 -45.01300 	 -16.18100 	 2.77000
112 	 -48.36800 	 -17.54200 	 1.56000
113 	 -48.86400 	 -14.41000 	 -0.53800
114 	 -45.26700 	 -14.71400 	 -1.79600
115 	 -46.34800 	 -18.08200 	 -3.21500
116 	 -49.38400 	 -16.60700 	 -4.99600
117 	 -47.01400 	 -14.03100 	 -6.52600
118 	 -44.47900 	 -16.59100 	 -7.80500
119 	 -47.16600 	 -19.06800 	 -8.91500
120 	 -48.77000 	 -16.22000 	 -10.87600
121 	 -45.36400 	 -15.43100 	 -12.40100
122 	 -44.81400 	 -19.05900 	 -13.44400
123 	 -48.20100 	 -20.67800 	 -14.11200
124 	 -50.60300 	 -18.04300 	 -15.48000
125 	 -52.09900 	 -20.43300 	 -18.06700
126 	 -53.14200 	 -22.95000 	 -15.38600
127 	 -55.16700 	 -20.25800 	 -13.59100
128 	 -58.79700 	 -20.53600 	 -14.68500
129 	 -61.33800 	 -17.67700 	 -14.46800
130 	 -62.71900 	 -19.90700 	 -11.68600
131 	 -59.78900 	 -18.77800 	 -9.48300
132 	 -60.25400 	 -15.15800 	 -10.65600
133 	 -62.43900 	 -13.73500 	 -7.83600
134 	 -60.75500 	 -15.90100 	 -5.17000
135 	 -57.31300 	 -14.43800 	 -5.94300
136 	 -58.81500 	 -10.95500 	 -6.37300
137 	 -60.29300 	 -10.98100 	 -2.85200
138 	 -57.10400 	 -12.15300 	 -1.10200
139 	 -54.66100 	 -9.83900 	 -2.91800
140 	 -56.89100 	 -6.73000 	 -2.72200
141 	 -57.28100 	 -7.23100 	 1.04700
142 	 -53.51500 	 -7.71300 	 1.30800
143 	 -53.13000 	 -4.32400 	 -0.41700
144 	 -55.47300 	 -2.59700 	 2.05000
145 	 -53.60500 	 -3.95700 	 5.09800
146 	 -51.74200 	 -1.72000 	 7.55300
147 	 -48.76800 	 -4.12200 	 7.72900
148 	 -46.34800 	 -3.06100 	 4.96400
149 	 -44.80900 	 -6.49300 	 4.27000
150 	 -48.38400 	 -7.71400 	 3.69900
151 	 -49.17700 	 -4.74700 	 1.42600
152 	 -46.07600 	 -5.32100 	 -0.74600
153 	 -47.18100 	 -8.84300 	 -1.69700
154 	 -50.64500 	 -7.65600 	 -2.76500
155 	 -49.10400 	 -5.00200 	 -5.02000
156 	 -46.40800 	 -7.30200 	 -6.46700
157 	 -49.09100 	 -9.86700 	 -7.39500
158 	 -50.79300 	 -7.45000 	 -9.79300
159 	 -47.49400 	 -6.08000 	 -11.09700
160 	 -46.73900 	 -9.69000 	 -12.06500
161 	 -50.24700 	 -10.11600 	 -13.53700
162 	 -49.58400 	 -7.00500 	 -15.64500
163 	 -46.23600 	 -8.38300 	 -16.86900
164 	 -47.86400 	 -11.65000 	 -17.95200
165 	 -50.83500 	 -9.95900 	 -19.63500
166 	 -48.63400 	 -7.47100 	 -21.52100
167 	 -46.65500 	 -10.33400 	 -23.07900
168 	 -49.97700 	 -12.00200 	 -23.92900
169 	 -51.22900 	 -8.75800 	 -25.50400
170 	 -48.05000 	 -8.78600 	 -27.61700
171 	 -48.59500 	 -12.50100 	 -28.32000
172 	 -52.15800 	 -11.76800 	 -29.48400
173 	 -51.13700 	 -8.76000 	 -31.61200
174 	 -48.61200 	 -10.73900 	 -33.66300
175 	 -51.00200 	 -13.69600 	 -33.98500
176 	 -53.57100 	 -11.34700 	 -35.54200
177 	 -51.01000 	 -9.90000 	 -37.99200
178 	 -49.92000 	 -13.39100 	 -39.08400
179 	 -53.49100 	 -14.72000 	 -39.29300
180 	 -53.08800 	 -17.21900 	 -36.45200
181 	 -54.87200 	 -18.06700 	 -33.20300
182 	 -52.74400 	 -16.95000 	 -30.22200
183 	 -50.87500 	 -19.83800 	 -28.57200
184 	 -52.12600 	 -18.69300 	 -25.15200
185 	 -55.08300 	 -16.39100 	 -24.41400
186 	 -55.16100 	 -13.62000 	 -21.79300
187 	 -57.89700 	 -13.76300 	 -19.14300
188 	 -57.70200 	 -9.99900 	 -18.49400
189 	 -57.58800 	 -10.07200 	 -14.67200
190 	 -55.92700 	 -6.63300 	 -14.60600
191 	 -58.71000 	 -5.04500 	 -16.70000
192 	 -61.39200 	 -6.52400 	 -14.42300
193 	 -59.72700 	 -5.41300 	 -11.18900
194 	 -58.68900 	 -1.96300 	 -12.46900
195 	 -61.83200 	 -0.33300 	 -10.96100
196 	 -60.70400 	 -1.34300 	 -7.48200
197 	 -56.91500 	 -1.37100 	 -7.95500
198 	 -56.42600 	 2.31700 	 -8.82000
199 	 -58.13600 	 3.91500 	 -5.75800
200 	 -55.91700 	 1.79300 	 -3.48300
201 	 -52.68400 	 2.46800 	 -5.42200
202 	 -53.30600 	 6.23700 	 -5.57300
203 	 -53.87100 	 6.15600 	 -1.80400
204 	 -50.68700 	 4.11300 	 -1.26500
205 	 -48.79400 	 6.86700 	 -3.13700
206 	 -49.59200 	 9.06800 	 -0.12500
207 	 -47.52900 	 6.90200 	 2.25600
208 	 -44.04600 	 8.11100 	 1.24000
209 	 -41.17800 	 7.60100 	 3.67300
210 	 -40.70700 	 11.22300 	 4.83600
211 	 -37.21000 	 10.14600 	 5.87200
212 	 -36.18100 	 9.48800 	 2.24800
213 	 -33.87700 	 6.63100 	 1.15800
214 	 -33.25700 	 5.06800 	 -2.27300
215 	 -32.14700 	 1.61200 	 -1.03900
216 	 -35.42800 	 1.11600 	 0.86100
217 	 -38.25700 	 -0.54300 	 -1.11100
218 	 -41.72600 	 0.11600 	 0.32300
219 	 -45.46400 	 -0.12000 	 -0.63200
220 	 -45.44800 	 3.50600 	 -1.85500
221 	 -42.80100 	 2.88000 	 -4.54300
222 	 -44.36400 	 -0.47300 	 -5.47500
223 	 -47.70200 	 1.28800 	 -6.02700
224 	 -46.08300 	 3.71100 	 -8.49500
225 	 -44.54600 	 0.83600 	 -10.45600
226 	 -47.89300 	 -0.99000 	 -10.28900
227 	 -49.89500 	 1.92900 	 -11.73400
228 	 -47.23500 	 2.26100 	 -14.43600
229 	 -47.54300 	 -1.42900 	 -15.32700
230 	 -51.34400 	 -1.10900 	 -15.17500
231 	 -51.16600 	 1.81700 	 -17.62200
232 	 -49.11600 	 -0.15100 	 -20.17900
233 	 -51.22600 	 -3.27200 	 -19.58600
234 	 -54.72900 	 -1.74900 	 -19.66500
235 	 -53.93600 	 1.31900 	 -21.83600
236 	 -56.85500 	 3.77900 	 -22.27300
237 	 -58.98000 	 1.92900 	 -19.67900
238 	 -56.93100 	 3.37500 	 -16.80800
239 	 -57.50100 	 7.05600 	 -17.68400
240 	 -61.02100 	 7.67200 	 -16.22000
241 	 -59.92600 	 5.90700 	 -12.99900
242 	 -56.77900 	 7.94600 	 -12.25600
243 	 -57.66400 	 11.38400 	 -13.68700
244 	 -60.24600 	 12.52200 	 -11.06100
245 	 -57.68100 	 11.79300 	 -8.31600
246 	 -55.00300 	 13.80000 	 -10.17300
247 	 -57.28700 	 16.79200 	 -10.87500
248 	 -58.52400 	 16.93300 	 -7.27100
249 	 -55.15800 	 16.59200 	 -5.51700
250 	 -52.75600 	 18.42700 	 -7.87100
251 	 -53.14600 	 21.53500 	 -5.67300
252 	 -53.65600 	 19.82700 	 -2.29800
253 	 -52.14300 	 21.72900 	 0.69500
254 	 -50.83900 	 18.34800 	 1.93200
255 	 -47.57900 	 17.60200 	 0.09000
256 	 -48.19000 	 13.84000 	 0.25900
257 	 -51.37100 	 14.14900 	 -1.82200
258 	 -49.88000 	 16.77800 	 -4.13000
259 	 -46.94400 	 14.42300 	 -4.73600
260 	 -49.35000 	 11.53900 	 -5.39000
261 	 -51.14600 	 13.60900 	 -8.04600
262 	 -47.97700 	 14.38400 	 -10.05200
263 	 -46.83000 	 10.76200 	 -9.70600
264 	 -50.12500 	 9.19400 	 -10.83900
265 	 -50.17900 	 11.47800 	 -13.89000
266 	 -46.56300 	 10.59500 	 -14.70800
267 	 -47.41000 	 6.89700 	 -14.33200
268 	 -50.16800 	 6.90800 	 -16.97400
269 	 -48.10200 	 8.59400 	 -19.71200
270 	 -47.33700 	 5.36100 	 -21.57400
271 	 -50.07300 	 2.91200 	 -22.56800
272 	 -53.10800 	 5.11400 	 -23.31300
273 	 -53.29100 	 6.57000 	 -26.83300
274 	 -51.09600 	 9.71200 	 -27.15700
275 	 -54.10100 	 11.48400 	 -28.74700
276 	 -55.77800 	 11.42300 	 -25.31100
277 	 -52.66000 	 12.29500 	 -23.32100
278 	 -51.47300 	 15.27500 	 -25.38100
279 	 -54.39100 	 17.63500 	 -24.61400
280 	 -54.15300 	 16.54500 	 -20.94500
281 	 -50.44300 	 17.42900 	 -20.80700
282 	 -51.26800 	 20.79500 	 -22.42100
283 	 -54.00800 	 21.28600 	 -19.80400
284 	 -51.64600 	 20.31900 	 -16.96400
285 	 -48.64700 	 22.38700 	 -18.14000
286 	 -49.16800 	 25.61200 	 -16.13800
287 	 -49.68600 	 23.55800 	 -12.95600
288 	 -46.66800 	 21.39000 	 -13.86100
289 	 -44.46200 	 24.50200 	 -14.13100
290 	 -45.75000 	 25.56600 	 -10.67500
291 	 -44.95400 	 22.14800 	 -9.16300
292 	 -41.34800 	 22.60100 	 -10.31700
293 	 -41.12300 	 25.52200 	 -7.85500
294 	 -42.96100 	 23.60600 	 -5.09400
295 	 -41.64700 	 24.21400 	 -1.54900
296 	 -41.57100 	 20.43400 	 -0.91200
297 	 -38.39900 	 18.64600 	 -2.07100
298 	 -40.42800 	 15.46400 	 -2.70100
299 	 -42.96000 	 17.14100 	 -5.01700
300 	 -40.24000 	 18.86800 	 -7.11000
301 	 -38.47300 	 15.51600 	 -7.58200
302 	 -41.68900 	 13.94400 	 -8.89800
303 	 -42.57200 	 17.03000 	 -10.95800
304 	 -39.18400 	 16.96500 	 -12.70700
305 	 -39.65400 	 13.24900 	 -13.41100
306 	 -43.16700 	 13.85900 	 -14.79700
307 	 -41.96100 	 16.72300 	 -17.03700
308 	 -38.93600 	 14.61400 	 -18.00900
309 	 -41.29500 	 11.78000 	 -18.93200
310 	 -43.59000 	 14.06400 	 -20.94100
311 	 -40.60300 	 15.17100 	 -23.05200
312 	 -39.65200 	 11.57400 	 -23.86600
313 	 -43.03600 	 9.89300 	 -24.41500
314 	 -45.05100 	 12.82500 	 -25.80300
315 	 -42.59600 	 15.24600 	 -27.51100
316 	 -45.19400 	 17.15000 	 -29.59300
317 	 -46.79600 	 18.39500 	 -26.35700
318 	 -43.47300 	 19.41200 	 -24.76400
319 	 -42.84200 	 21.75100 	 -27.70600
320 	 -45.54600 	 24.39700 	 -27.58200
321 	 -45.47100 	 27.95500 	 -28.90700
322 	 -47.48500 	 28.69400 	 -25.73700
323 	 -45.68700 	 26.85400 	 -22.90900
324 	 -42.16900 	 26.19300 	 -24.27500
325 	 -40.71000 	 29.51300 	 -23.08400
326 	 -41.91100 	 29.20000 	 -19.44800
327 	 -41.06900 	 25.46800 	 -19.60500
328 	 -37.45400 	 26.08400 	 -20.65000
329 	 -37.21300 	 28.90900 	 -18.09600
330 	 -38.16000 	 26.68000 	 -15.14400
331 	 -35.94700 	 23.80900 	 -16.33300
332 	 -32.95100 	 26.19100 	 -16.25300
333 	 -33.62100 	 26.98100 	 -12.56600
334 	 -34.14700 	 23.26300 	 -11.89300
335 	 -30.46300 	 22.66500 	 -12.67400
336 	 -29.68300 	 24.66800 	 -9.52000
337 	 -31.88100 	 22.38000 	 -7.40100
338 	 -30.94600 	 19.17500 	 -5.54800
339 	 -29.59200 	 16.18300 	 -7.58800
340 	 -32.98900 	 14.44700 	 -7.19700
341 	 -34.53600 	 17.21300 	 -9.32400
342 	 -31.61800 	 18.30400 	 -11.53100
343 	 -30.98600 	 14.82200 	 -12.99500
344 	 -34.52300 	 14.58100 	 -14.40400
345 	 -34.14500 	 18.13300 	 -15.72500
346 	 -31.05100 	 16.93500 	 -17.62800
347 	 -33.12700 	 14.04700 	 -18.99700
348 	 -35.84000 	 16.52500 	 -20.02100
349 	 -33.39900 	 18.69600 	 -21.99200
350 	 -31.93500 	 15.72600 	 -23.88700
351 	 -35.42700 	 14.68100 	 -24.99000
352 	 -36.35800 	 18.29300 	 -25.82300
353 	 -33.27000 	 18.65700 	 -28.02700
354 	 -34.16300 	 15.49300 	 -29.96000
355 	 -37.79800 	 16.62600 	 -30.19400
356 	 -36.93000 	 20.13900 	 -31.41500
357 	 -34.40500 	 18.76300 	 -33.92600
358 	 -36.81000 	 16.19500 	 -35.41600
359 	 -39.49300 	 18.86800 	 -35.79600
360 	 -37.13500 	 21.42600 	 -37.38700
361 	 -37.38300 	 22.20800 	 -41.11200
362 	 -34.49800 	 20.97100 	 -43.26400
363 	 -34.28100 	 22.26400 	 -46.84600
364 	 -34.49400 	 19.27800 	 -49.24600
365 	 -30.99100 	 20.02200 	 -50.57100
366 	 -29.40300 	 20.74000 	 -47.18600
367 	 -27.95300 	 18.61000 	 -44.39100
368 	 -28.94900 	 20.44000 	 -41.18500
369 	 -31.76800 	 22.79700 	 -40.13200
370 	 -30.93900 	 26.52500 	 -40.14700
371 	 -33.01300 	 27.23300 	 -37.02600
372 	 -35.11600 	 25.39400 	 -34.42400
373 	 -37.33100 	 26.24300 	 -31.42500
374 	 -34.42200 	 25.95800 	 -28.94700
375 	 -32.17100 	 28.50100 	 -30.72800
376 	 -33.23300 	 31.41200 	 -28.48500
377 	 -32.50000 	 29.40000 	 -25.33400
378 	 -29.57800 	 27.32600 	 -26.69000
379 	 -26.63800 	 29.36500 	 -25.37400
380 	 -28.21100 	 29.75600 	 -21.92500
381 	 -29.20800 	 26.09900 	 -21.46500
382 	 -25.86600 	 24.75600 	 -22.70500
383 	 -23.99700 	 27.01600 	 -20.23300
384 	 -26.03800 	 25.97800 	 -17.17200
385 	 -25.48800 	 22.30600 	 -18.02400
386 	 -21.70400 	 22.85800 	 -17.92700
387 	 -22.04400 	 24.53400 	 -14.52500
388 	 -24.12400 	 21.51700 	 -13.44900
389 	 -21.05400 	 19.48700 	 -14.42400
390 	 -18.83600 	 21.50300 	 -12.03800
391 	 -21.16200 	 20.70700 	 -9.11400
392 	 -19.17100 	 18.87300 	 -6.37700
393 	 -22.26800 	 16.80200 	 -5.48900
394 	 -22.58600 	 15.44200 	 -9.05000
395 	 -21.86500 	 11.88600 	 -7.87600
396 	 -25.24900 	 11.43000 	 -6.16000
397 	 -28.33500 	 10.68900 	 -8.30400
398 	 -25.78500 	 10.41200 	 -11.16000
399 	 -26.12100 	 14.13900 	 -11.91000
400 	 -22.67300 	 14.48100 	 -13.52700
401 	 -23.33500 	 11.67500 	 -16.02700
402 	 -26.80800 	 13.07100 	 -16.76300
403 	 -25.33700 	 16.53900 	 -17.39500
404 	 -22.68100 	 15.32900 	 -19.85900
405 	 -25.21200 	 13.07900 	 -21.61900
406 	 -27.46800 	 16.12000 	 -22.05000
407 	 -24.65300 	 18.44600 	 -23.14100
408 	 -23.64400 	 15.97900 	 -25.85400
409 	 -27.21800 	 15.29200 	 -27.00800
410 	 -27.99600 	 19.03800 	 -27.14700
411 	 -24.79500 	 19.66900 	 -29.12900
412 	 -25.57800 	 16.80000 	 -31.54000
413 	 -29.23500 	 17.74900 	 -32.00500
414 	 -28.71000 	 21.42400 	 -32.81100
415 	 -29.45400 	 24.03200 	 -35.48800
416 	 -26.93200 	 26.03400 	 -37.55500
417 	 -27.48000 	 29.28500 	 -35.63900
418 	 -26.29300 	 27.39100 	 -32.54600
419 	 -22.93700 	 26.35000 	 -34.07100
420 	 -20.83100 	 29.04700 	 -32.32100
421 	 -22.26000 	 27.85300 	 -28.97600
422 	 -21.89900 	 24.22400 	 -30.13400
423 	 -18.20700 	 24.78000 	 -30.90900
424 	 -17.51000 	 26.63100 	 -27.64100
425 	 -19.17600 	 24.06900 	 -25.36400
426 	 -17.77700 	 21.02200 	 -27.17900
427 	 -14.25700 	 22.41900 	 -26.65300
428 	 -14.93400 	 22.43100 	 -22.89800
429 	 -16.30600 	 18.86700 	 -22.94500
430 	 -13.21000 	 17.66100 	 -24.83000
431 	 -10.95000 	 19.45700 	 -22.31300
432 	 -12.44100 	 17.13100 	 -19.69700
433 	 -12.10400 	 14.01600 	 -21.88700
434 	 -10.29700 	 12.12600 	 -19.11600
435 	 -13.07200 	 12.29300 	 -16.49200
436 	 -15.72900 	 11.67300 	 -19.16900
437 	 -13.81000 	 8.48500 	 -20.06400
438 	 -13.21100 	 7.43100 	 -16.43000
439 	 -16.94700 	 7.82500 	 -15.72200
440 	 -23.60400 	 4.72500 	 -18.00100
441 	 -21.77300 	 2.58000 	 -20.60000
442 	 -23.36900 	 4.21600 	 -23.66900
443 	 -21.79000 	 7.49600 	 -22.50400
444 	 -18.51200 	 6.58500 	 -24.26000
445 	 -20.21500 	 5.58900 	 -27.53000
446 	 -22.36400 	 8.73700 	 -27.38600
447 	 -19.17700 	 10.75800 	 -26.83000
448 	 -17.56800 	 9.23900 	 -29.93900
449 	 -20.79500 	 9.81900 	 -31.88000
450 	 -21.04400 	 13.50400 	 -30.87900
451 	 -17.35500 	 14.16100 	 -31.59900
452 	 -17.88900 	 12.51100 	 -34.99700
453 	 -21.04000 	 14.62300 	 -35.45800
454 	 -19.57400 	 18.01200 	 -34.45600
455 	 -16.35000 	 17.72200 	 -36.49700
456 	 -18.36200 	 17.12400 	 -39.67900
457 	 -20.83800 	 20.00400 	 -39.34700
458 	 -18.64800 	 22.79700 	 -37.93100
459 	 -16.30000 	 24.89300 	 -40.08200
460 	 -13.05200 	 23.05000 	 -40.85800
461 	 -10.69000 	 25.31800 	 -38.86300
462 	 -12.93900 	 24.91300 	 -35.81000
463 	 -12.83600 	 21.11900 	 -36.20100
464 	 -9.01900 	 21.34200 	 -36.17200
465 	 -9.17600 	 23.26800 	 -32.89700
466 	 -11.43500 	 20.59100 	 -31.37000
467 	 -9.07000 	 17.87700 	 -32.63800
468 	 -6.18500 	 19.75400 	 -30.99100
469 	 -8.03500 	 19.66500 	 -27.65200
470 	 -9.02700 	 15.97400 	 -27.87100
471 	 -5.42500 	 14.91200 	 -28.53500
472 	 -4.11100 	 17.34500 	 -25.91200
473 	 -6.38200 	 15.66000 	 -23.35500
474 	 -5.55200 	 12.09900 	 -24.44400
475 	 -1.77000 	 12.65100 	 -24.55100
476 	 -1.93200 	 14.16300 	 -21.05900
477 	 -4.12200 	 11.23600 	 -19.93400
478 	 -1.74700 	 8.45500 	 -21.04300
479 	 1.30000 	 10.30100 	 -19.69300
480 	 -0.21200 	 11.24800 	 -16.30000
481 	 -2.55400 	 8.53700 	 -14.97600
482 	 -1.68400 	 4.82500 	 -14.74900
483 	 -3.85900 	 3.32800 	 -17.51900
484 	 -6.84700 	 1.06700 	 -16.84600
485 	 -7.72700 	 -1.61900 	 -19.42300
486 	 -11.30200 	 -0.43800 	 -20.01500
487 	 -10.16000 	 3.20000 	 -19.97900
488 	 -7.36200 	 2.64500 	 -22.54200
489 	 -9.67000 	 0.77400 	 -24.91800
490 	 -12.17500 	 3.64600 	 -24.83300
491 	 -9.28700 	 6.07800 	 -25.35100
492 	 -8.10500 	 4.15900 	 -28.44200
493 	 -11.64100 	 4.01100 	 -29.86300
494 	 -11.76600 	 7.76700 	 -29.28600
495 	 -8.55900 	 8.11400 	 -31.34300
496 	 -10.14800 	 5.89000 	 -34.02500
497 	 -13.05700 	 8.33600 	 -34.37300
498 	 -10.82800 	 11.41100 	 -34.76300
499 	 -8.60400 	 9.58300 	 -37.28900
500 	 -11.58500 	 8.42300 	 -39.38600
501 	 -12.86700 	 12.00500 	 -39.61700
502 	 -9.55000 	 13.89700 	 -39.91600
503 	 -7.88500 	 11.60700 	 -42.47100
504 	 -4.43700 	 12.78000 	 -43.58600
505 	 -4.59700 	 15.85500 	 -41.34900
506 	 -4.11400 	 13.57500 	 -38.31100
507 	 -0.39600 	 13.49500 	 -39.22700
508 	 0.02800 	 16.47800 	 -36.85400
509 	 -0.49300 	 14.17400 	 -33.87100
510 	 1.34000 	 11.09300 	 -35.15100
511 	 4.65900 	 11.94200 	 -33.44900
512 	 3.34100 	 12.43000 	 -29.90800
513 	 0.98700 	 9.43600 	 -30.15900
514 	 3.23000 	 6.64900 	 -31.54100
515 	 4.60900 	 5.56800 	 -28.12900
516 	 1.09100 	 5.10800 	 -26.73300
517 	 -0.00200 	 3.28000 	 -29.88100
518 	 3.02200 	 1.04400 	 -29.23200
519 	 1.89300 	 0.33000 	 -25.65900
520 	 -1.45200 	 -0.81900 	 -27.10800
521 	 0.17000 	 -3.18400 	 -29.60100
522 	 2.49800 	 -4.46600 	 -26.85900
523 	 -0.40900 	 -5.23600 	 -24.50000
524 	 -0.60300 	 -9.03900 	 -24.80400
525 	 -2.34400 	 -9.57200 	 -21.44500
526 	 -5.41300 	 -7.45000 	 -22.24700
527 	 -6.17600 	 -8.35800 	 -25.86900
528 	 -9.20200 	 -6.03900 	 -26.19500
529 	 -6.82200 	 -3.07000 	 -25.91100
530 	 -4.56100 	 -4.86800 	 -28.39600
531 	 -7.36600 	 -5.47200 	 -30.92200
532 	 -8.30000 	 -1.78200 	 -30.72300
533 	 -4.65600 	 -0.77200 	 -31.28600
534 	 -4.47800 	 -3.20100 	 -34.23400
535 	 -7.71600 	 -1.68200 	 -35.58500
536 	 -6.33300 	 1.85800 	 -35.25900
537 	 -3.28200 	 1.04200 	 -37.41600
538 	 -5.66600 	 0.14600 	 -40.26000
539 	 -7.55900 	 3.40400 	 -39.74800
540 	 -4.23200 	 5.25000 	 -39.78800
541 	 -3.28200 	 3.45200 	 -43.01700
542 	 -6.40500 	 4.81100 	 -44.74100
543 	 -5.98000 	 8.24800 	 -43.17000
544 	 -2.25900 	 8.95700 	 -43.61800
545 	 -1.74100 	 6.57100 	 -46.57700
546 	 1.89400 	 6.82400 	 -47.74800
547 	 2.62000 	 9.34000 	 -44.96700
548 	 2.68200 	 6.42300 	 -42.49300
549 	 6.00000 	 5.20500 	 -44.02700
550 	 8.31200 	 6.66600 	 -41.32200
551 	 6.13000 	 4.99500 	 -38.66000
552 	 6.01700 	 1.54400 	 -40.27700
553 	 9.38500 	 0.17200 	 -39.10800
554 	 8.25600 	 0.26300 	 -35.46300
555 	 4.60500 	 -0.72000 	 -36.08600
556 	 5.67800 	 -3.69900 	 -38.22500
557 	 8.14900 	 -4.75400 	 -35.50300
558 	 5.45200 	 -4.70000 	 -32.81000
559 	 2.97900 	 -6.58200 	 -35.03500
560 	 5.52300 	 -9.30400 	 -35.84800
561 	 6.58900 	 -9.70700 	 -32.20400
562 	 2.90000 	 -10.00000 	 -31.28200
563 	 2.46200 	 -12.86900 	 -33.75900
564 	 5.58400 	 -14.61500 	 -32.42300
565 	 4.23000 	 -14.55300 	 -28.86600
566 	 2.49300 	 -17.85100 	 -28.06300
567 	 0.31100 	 -16.41500 	 -25.25800
568 	 -1.71900 	 -13.89200 	 -27.28100
569 	 -5.46600 	 -14.59700 	 -27.58100
570 	 -6.36400 	 -16.06100 	 -30.98600
571 	 -8.55900 	 -13.03900 	 -31.84600
572 	 -5.50200 	 -10.84900 	 -32.43800
573 	 -3.75600 	 -12.96000 	 -35.11500
574 	 -6.31100 	 -12.55100 	 -37.96800
575 	 -6.62000 	 -8.81300 	 -37.27600
576 	 -2.84800 	 -8.33200 	 -37.60900
577 	 -2.88800 	 -10.22900 	 -40.92200
578 	 -5.68400 	 -7.99200 	 -42.24600
579 	 -3.73500 	 -4.90000 	 -41.15600
580 	 -0.63500 	 -6.13600 	 -43.03900
581 	 -2.84600 	 -5.69100 	 -46.10300
582 	 -3.75800 	 -2.14800 	 -45.02500
583 	 -0.06000 	 -1.31100 	 -44.58900
584 	 0.97300 	 -2.75000 	 -47.97800
585 	 -1.94800 	 -0.88600 	 -49.56800
586 	 -0.81600 	 2.36700 	 -47.92900
587 	 2.97300 	 2.32400 	 -48.41700
588 	 3.11200 	 0.72300 	 -51.88400
589 	 6.61100 	 -0.24000 	 -53.02500
590 	 8.00200 	 0.63700 	 -49.57900
591 	 6.53800 	 -2.69700 	 -48.39800
592 	 9.37600 	 -4.57800 	 -50.19200
593 	 11.33900 	 -4.15000 	 -46.94600
594 	 8.82300 	 -6.33500 	 -45.04500
595 	 7.62500 	 -8.53500 	 -47.94400
596 	 9.58600 	 -11.79500 	 -47.38000
597 	 8.64200 	 -12.25000 	 -43.71100
598 	 4.98900 	 -11.25500 	 -44.28800
599 	 4.57000 	 -13.72200 	 -47.17600
600 	 6.17700 	 -16.44000 	 -45.02800
601 	 3.79600 	 -15.63000 	 -42.15600
602 	 0.74900 	 -15.69900 	 -44.46800
603 	 1.87300 	 -19.03200 	 -45.93100
604 	 2.09000 	 -20.64000 	 -42.47700
605 	 -1.21900 	 -19.10600 	 -41.34400
606 	 -2.98400 	 -20.26800 	 -44.52500
607 	 -1.99500 	 -23.90200 	 -43.95300
608 	 -3.32100 	 -23.87400 	 -40.36800
609 	 -6.14600 	 -26.33800 	 -39.73700
610 	 -8.59700 	 -27.27400 	 -36.97100
611 	 -10.68900 	 -30.45200 	 -36.54700
612 	 -14.21300 	 -30.74900 	 -38.01500
613 	 -15.96100 	 -31.32000 	 -34.64700
614 	 -15.09700 	 -28.02700 	 -32.92000
615 	 -17.85300 	 -25.61500 	 -33.98700
616 	 -16.02200 	 -22.58500 	 -32.53800
617 	 -12.63700 	 -23.36100 	 -34.14200
618 	 -14.23400 	 -23.83800 	 -37.59200
619 	 -15.64000 	 -20.30600 	 -37.26100
620 	 -12.13700 	 -19.15000 	 -36.27400
621 	 -10.43600 	 -20.89200 	 -39.22700
622 	 -12.71200 	 -18.99200 	 -41.62000
623 	 -11.98400 	 -15.72100 	 -39.80400
624 	 -8.26200 	 -16.49200 	 -40.15200
625 	 -8.56600 	 -17.50600 	 -43.82400
626 	 -10.52200 	 -14.32900 	 -44.59600
627 	 -7.68700 	 -12.25700 	 -43.11000
628 	 -5.07900 	 -14.27000 	 -45.05100
629 	 -6.88600 	 -13.54700 	 -48.33500
630 	 -7.29200 	 -9.86100 	 -47.40100
631 	 -3.57700 	 -9.60100 	 -46.61900
632 	 -2.53800 	 -10.97700 	 -50.03500
633 	 -5.11000 	 -8.67600 	 -51.69100
634 	 -3.60100 	 -5.60100 	 -49.99500
635 	 -0.11300 	 -6.77700 	 -50.99600
636 	 -0.96400 	 -7.47500 	 -54.66100
637 	 -2.85400 	 -4.18800 	 -55.06600
638 	 -0.35000 	 -2.19100 	 -52.99100
639 	 2.66000 	 -3.13300 	 -55.11300
640 	 0.59700 	 -2.83800 	 -58.31800
641 	 -0.25700 	 0.85400 	 -57.87200
642 	 -2.89700 	 3.04100 	 -59.51200
643 	 -1.25700 	 3.82400 	 -62.85800
644 	 -1.75200 	 2.82800 	 -66.51600
645 	 0.51600 	 -0.23200 	 -66.37100
646 	 1.34000 	 -2.65000 	 -63.56000
647 	 4.44700 	 -1.71300 	 -61.56500
648 	 7.25900 	 -4.34000 	 -61.86800
649 	 7.24700 	 -4.57600 	 -58.03700
650 	 4.45600 	 -7.21500 	 -58.05900
651 	 6.77600 	 -9.76500 	 -59.70600
652 	 8.16000 	 -10.35500 	 -56.19700
653 	 4.75000 	 -11.82600 	 -55.29700
654 	 4.78000 	 -13.92500 	 -58.50200
655 	 6.57800 	 -16.93500 	 -56.91900
656 	 3.70500 	 -17.09600 	 -54.38200
657 	 0.86200 	 -17.17900 	 -56.95800
658 	 0.92500 	 -21.01000 	 -57.13800
659 	 0.46700 	 -21.26600 	 -53.35700
660 	 -2.19500 	 -18.51900 	 -53.26300
661 	 -4.28500 	 -20.24800 	 -55.94700
662 	 -3.88800 	 -23.61700 	 -54.18400
663 	 -5.06400 	 -21.95700 	 -50.95300
664 	 -8.13100 	 -20.57300 	 -52.77200
665 	 -8.67300 	 -23.96600 	 -54.44500
666 	 -8.56100 	 -25.69200 	 -51.04100
667 	 -11.06300 	 -23.12100 	 -49.72500
668 	 -13.39900 	 -23.85700 	 -52.66200
669 	 -13.26000 	 -27.60500 	 -51.91400
670 	 -14.35000 	 -27.00100 	 -48.30800
671 	 -18.16400 	 -27.04800 	 -48.03100
672 	 -18.03900 	 -25.16800 	 -44.70300
673 	 -16.66400 	 -21.93700 	 -46.22700
674 	 -18.36900 	 -18.61100 	 -45.43300
675 	 -19.79600 	 -15.87800 	 -47.70000
676 	 -17.11700 	 -13.51300 	 -46.36400
677 	 -14.36500 	 -15.96400 	 -47.28500
678 	 -15.81200 	 -16.66200 	 -50.75700
679 	 -15.99400 	 -12.89000 	 -51.34200
680 	 -12.37700 	 -12.39700 	 -50.23100
681 	 -11.26200 	 -15.31300 	 -52.40900
682 	 -13.09600 	 -13.90900 	 -55.44900
683 	 -11.58600 	 -10.49100 	 -54.70700
684 	 -8.05700 	 -11.92400 	 -54.66500
685 	 -8.59800 	 -13.85400 	 -57.92400
686 	 -9.58200 	 -10.61200 	 -59.66400
687 	 -6.52400 	 -8.87100 	 -58.20000
688 	 -4.20100 	 -11.61400 	 -59.45700
689 	 -5.76300 	 -11.23900 	 -62.92900
690 	 -5.02800 	 -7.50600 	 -63.09100
691 	 -1.45100 	 -7.96100 	 -61.82200
692 	 -0.10000 	 -11.04500 	 -63.60600
693 	 -2.26700 	 -11.35200 	 -66.73700
694 	 -3.46300 	 -14.30800 	 -68.81400
695 	 -1.34700 	 -16.85300 	 -66.89600
696 	 -3.69800 	 -16.48100 	 -63.90200
697 	 -6.66800 	 -17.42400 	 -66.12800
698 	 -4.90600 	 -20.66400 	 -67.12400
699 	 -4.04700 	 -21.53600 	 -63.51200
700 	 -7.63400 	 -20.77800 	 -62.41100
701 	 -9.11700 	 -22.89200 	 -65.24100
702 	 -6.85300 	 -25.77100 	 -64.14900
703 	 -8.49600 	 -25.71700 	 -60.70500
704 	 -12.20100 	 -26.33300 	 -61.56800
705 	 -13.45200 	 -25.87600 	 -57.97100
706 	 -12.49200 	 -22.18300 	 -58.18200
707 	 -15.00900 	 -21.86400 	 -61.04400
708 	 -17.63500 	 -23.32000 	 -58.66500
709 	 -16.65500 	 -20.91600 	 -55.86100
710 	 -17.19500 	 -17.96700 	 -58.22200
711 	 -20.57300 	 -19.31700 	 -59.40100
712 	 -21.58900 	 -19.68600 	 -55.74200
713 	 -20.49100 	 -16.09300 	 -55.02500
714 	 -22.43200 	 -14.41700 	 -57.84700
715 	 -25.55200 	 -16.23200 	 -56.63100
716 	 -24.93600 	 -15.54400 	 -52.92100
717 	 -27.36800 	 -13.53600 	 -50.77200
718 	 -24.83000 	 -10.97100 	 -49.50400
719 	 -23.89200 	 -7.79700 	 -51.42000
720 	 -20.15000 	 -8.31300 	 -50.79800
721 	 -19.84700 	 -11.75400 	 -52.44500
722 	 -22.21200 	 -10.80300 	 -55.29300
723 	 -20.13300 	 -7.76600 	 -56.31500
724 	 -16.65200 	 -9.30600 	 -55.99200
725 	 -17.44300 	 -12.64200 	 -57.67700
726 	 -18.95900 	 -10.78400 	 -60.64800
727 	 -15.79900 	 -8.65600 	 -60.84700
728 	 -13.44100 	 -11.66500 	 -60.91700
729 	 -15.57300 	 -13.38500 	 -63.57900
730 	 -15.41000 	 -10.17900 	 -65.65200
731 	 -11.63400 	 -9.94700 	 -65.12800
732 	 -11.20200 	 -13.62100 	 -66.09500
733 	 -13.40000 	 -13.02200 	 -69.16000
734 	 -11.19500 	 -10.08800 	 -70.23100
735 	 -8.15700 	 -12.39400 	 -70.20300
736 	 -10.14100 	 -15.01300 	 -72.15100
737 	 -11.07800 	 -12.52800 	 -74.86600
738 	 -7.96800 	 -10.31100 	 -75.07000
739 	 -6.20200 	 -10.11200 	 -78.43600
740 	 -9.37800 	 -11.03500 	 -80.32300
741 	 -10.27700 	 -8.93900 	 -83.36600
742 	 -13.85900 	 -7.61900 	 -83.50900
743 	 -15.91200 	 -7.71400 	 -86.72900
744 	 -19.28500 	 -6.22100 	 -87.74600
745 	 -20.80800 	 -5.90600 	 -20.23400
746 	 -23.21500 	 -6.30800 	 -23.17200
747 	 -22.91600 	 -2.61400 	 -24.11400
748 	 -19.13100 	 -2.89000 	 -24.57900
749 	 -19.37500 	 -5.91700 	 -26.91000
750 	 -21.73900 	 -4.12600 	 -29.32000
751 	 -19.52500 	 -1.03000 	 -29.14300
752 	 -16.64100 	 -3.30400 	 -30.21200
753 	 -18.53400 	 -5.03700 	 -33.05300
754 	 -19.80300 	 -1.75200 	 -34.54800
755 	 -16.26400 	 -0.35300 	 -34.87100
756 	 -14.87600 	 -3.52900 	 -36.49100
757 	 -17.67200 	 -3.55500 	 -39.10500
758 	 -16.99800 	 0.11200 	 -39.93400
759 	 -13.25000 	 -0.48400 	 -40.27900
760 	 -13.93600 	 -3.54400 	 -42.47000
761 	 -16.23700 	 -1.59300 	 -44.80100
762 	 -13.82400 	 1.36200 	 -45.04100
763 	 -11.12100 	 -1.17100 	 -45.95500
764 	 -13.41700 	 -2.62200 	 -48.63500
765 	 -14.13000 	 0.87800 	 -49.98200
766 	 -10.39000 	 1.65300 	 -50.20700
767 	 -9.49300 	 -1.63000 	 -51.95400
768 	 -12.45700 	 -1.43000 	 -54.37500
769 	 -11.27000 	 2.08900 	 -55.24600
770 	 -7.86000 	 0.65800 	 -56.20000
771 	 -9.64400 	 -2.15600 	 -58.06100
772 	 -11.94600 	 0.43200 	 -59.69200
773 	 -15.35900 	 -0.99300 	 -58.74600
774 	 -18.92600 	 0.40600 	 -58.73600
 
Types 

1 	 15
2 	 14
3 	 5
4 	 10
5 	 9
6 	 14
7 	 6
8 	 10
9 	 19
10 	 1
11 	 3
12 	 19
13 	 16
14 	 3
15 	 14
16 	 3
17 	 15
18 	 16
19 	 5
20 	 8
21 	 12
22 	 11
23 	 5
24 	 15
25 	 16
26 	 10
27 	 5
28 	 1
29 	 9
30 	 7
31 	 18
32 	 9
33 	 20
34 	 6
35 	 4
36 	 9
37 	 4
38 	 14
39 	 5
40 	 6
41 	 10
42 	 6
43 	 4
44 	 11
45 	 15
46 	 3
47 	 5
48 	 9
49 	 10
50 	 16
51 	 1
52 	 9
53 	 9
54 	 6
55 	 7
56 	 12
57 	 2
58 	 11
59 	 5
60 	 5
61 	 14
62 	 15
63 	 3
64 	 3
65 	 19
66 	 11
67 	 10
68 	 1
69 	 1
70 	 16
71 	 3
72 	 1
73 	 10
74 	 10
75 	 3
76 	 15
77 	 10
78 	 5
79 	 13
80 	 16
81 	 11
82 	 1
83 	 3
84 	 13
85 	 4
86 	 11
87 	 5
88 	 15
89 	 5
90 	 2
91 	 8
92 	 13
93 	 9
94 	 12
95 	 6
96 	 19
97 	 19
98 	 20
99 	 5
100 	 1
101 	 16
102 	 6
103 	 20
104 	 14
105 	 4
106 	 16
107 	 2
108 	 19
109 	 2
110 	 19
111 	 1
112 	 1
113 	 10
114 	 6
115 	 3
116 	 10
117 	 19
118 	 11
119 	 9
120 	 12
121 	 15
122 	 10
123 	 18
124 	 18
125 	 6
126 	 18
127 	 12
128 	 5
129 	 16
130 	 18
131 	 12
132 	 7
133 	 14
134 	 1
135 	 10
136 	 13
137 	 1
138 	 9
139 	 16
140 	 9
141 	 5
142 	 1
143 	 12
144 	 11
145 	 15
146 	 4
147 	 9
148 	 4
149 	 5
150 	 19
151 	 1
152 	 10
153 	 6
154 	 7
155 	 9
156 	 5
157 	 13
158 	 17
159 	 15
160 	 3
161 	 19
162 	 20
163 	 4
164 	 5
165 	 5
166 	 12
167 	 4
168 	 10
169 	 1
170 	 9
171 	 5
172 	 1
173 	 15
174 	 5
175 	 1
176 	 1
177 	 5
178 	 6
179 	 7
180 	 2
181 	 14
182 	 14
183 	 5
184 	 8
185 	 16
186 	 15
187 	 11
188 	 13
189 	 18
190 	 1
191 	 11
192 	 7
193 	 1
194 	 10
195 	 6
196 	 18
197 	 10
198 	 19
199 	 14
200 	 9
201 	 10
202 	 16
203 	 6
204 	 16
205 	 10
206 	 16
207 	 11
208 	 6
209 	 4
210 	 5
211 	 3
212 	 4
213 	 4
214 	 4
215 	 4
216 	 4
217 	 17
218 	 3
219 	 14
220 	 20
221 	 11
222 	 1
223 	 1
224 	 7
225 	 19
226 	 20
227 	 10
228 	 12
229 	 10
230 	 10
231 	 1
232 	 16
233 	 20
234 	 20
235 	 5
236 	 4
237 	 4
238 	 9
239 	 19
240 	 14
241 	 8
242 	 19
243 	 10
244 	 14
245 	 13
246 	 9
247 	 11
248 	 5
249 	 8
250 	 9
251 	 11
252 	 3
253 	 14
254 	 4
255 	 17
256 	 2
257 	 18
258 	 2
259 	 4
260 	 1
261 	 1
262 	 19
263 	 12
264 	 1
265 	 13
266 	 7
267 	 20
268 	 9
269 	 10
270 	 5
271 	 7
272 	 14
273 	 5
274 	 14
275 	 15
276 	 6
277 	 10
278 	 11
279 	 14
280 	 10
281 	 19
282 	 9
283 	 6
284 	 1
285 	 12
286 	 14
287 	 16
288 	 10
289 	 9
290 	 5
291 	 10
292 	 12
293 	 11
294 	 4
295 	 14
296 	 15
297 	 19
298 	 19
299 	 19
300 	 2
301 	 4
302 	 16
303 	 1
304 	 1
305 	 17
306 	 16
307 	 19
308 	 7
309 	 2
310 	 9
311 	 20
312 	 5
313 	 10
314 	 10
315 	 14
316 	 5
317 	 1
318 	 1
319 	 9
320 	 3
321 	 4
322 	 19
323 	 18
324 	 10
325 	 1
326 	 14
327 	 10
328 	 10
329 	 6
330 	 20
331 	 10
332 	 9
333 	 5
334 	 7
335 	 10
336 	 15
337 	 1
338 	 5
339 	 14
340 	 2
341 	 19
342 	 1
343 	 15
344 	 3
345 	 19
346 	 20
347 	 17
348 	 1
349 	 13
350 	 15
351 	 15
352 	 10
353 	 1
354 	 5
355 	 1
356 	 1
357 	 18
358 	 5
359 	 1
360 	 1
361 	 4
362 	 19
363 	 1
364 	 4
365 	 4
366 	 6
367 	 5
368 	 5
369 	 14
370 	 1
371 	 16
372 	 18
373 	 20
374 	 10
375 	 15
376 	 15
377 	 15
378 	 13
379 	 5
380 	 10
381 	 9
382 	 19
383 	 6
384 	 11
385 	 10
386 	 10
387 	 5
388 	 16
389 	 16
390 	 4
391 	 2
392 	 14
393 	 4
394 	 7
395 	 8
396 	 6
397 	 3
398 	 3
399 	 10
400 	 2
401 	 15
402 	 15
403 	 1
404 	 18
405 	 5
406 	 15
407 	 10
408 	 12
409 	 5
410 	 9
411 	 19
412 	 11
413 	 3
414 	 15
415 	 1
416 	 11
417 	 4
418 	 20
419 	 18
420 	 14
421 	 1
422 	 19
423 	 6
424 	 11
425 	 16
426 	 16
427 	 10
428 	 19
429 	 9
430 	 12
431 	 5
432 	 2
433 	 10
434 	 6
435 	 6
436 	 19
437 	 10
438 	 6
439 	 12
440 	 13
441 	 3
442 	 4
443 	 10
444 	 6
445 	 15
446 	 10
447 	 10
448 	 20
449 	 1
450 	 16
451 	 10
452 	 6
453 	 3
454 	 19
455 	 10
456 	 2
457 	 11
458 	 19
459 	 6
460 	 8
461 	 6
462 	 4
463 	 1
464 	 10
465 	 6
466 	 9
467 	 15
468 	 4
469 	 19
470 	 19
471 	 12
472 	 1
473 	 15
474 	 10
475 	 10
476 	 2
477 	 12
478 	 13
479 	 6
480 	 15
481 	 16
482 	 1
483 	 7
484 	 15
485 	 7
486 	 7
487 	 19
488 	 6
489 	 5
490 	 4
491 	 1
492 	 10
493 	 12
494 	 1
495 	 19
496 	 15
497 	 16
498 	 10
499 	 19
500 	 5
501 	 19
502 	 10
503 	 7
504 	 7
505 	 5
506 	 13
507 	 10
508 	 11
509 	 18
510 	 12
511 	 5
512 	 1
513 	 13
514 	 11
515 	 14
516 	 13
517 	 10
518 	 7
519 	 9
520 	 7
521 	 10
522 	 11
523 	 3
524 	 18
525 	 1
526 	 5
527 	 18
528 	 6
529 	 19
530 	 20
531 	 10
532 	 1
533 	 1
534 	 19
535 	 7
536 	 10
537 	 19
538 	 7
539 	 4
540 	 10
541 	 20
542 	 2
543 	 1
544 	 10
545 	 6
546 	 15
547 	 3
548 	 9
549 	 9
550 	 14
551 	 13
552 	 20
553 	 4
554 	 5
555 	 19
556 	 12
557 	 6
558 	 10
559 	 10
560 	 10
561 	 5
562 	 3
563 	 10
564 	 7
565 	 3
566 	 5
567 	 3
568 	 19
569 	 8
570 	 2
571 	 15
572 	 19
573 	 11
574 	 14
575 	 6
576 	 9
577 	 10
578 	 15
579 	 19
580 	 13
581 	 7
582 	 4
583 	 9
584 	 1
585 	 10
586 	 1
587 	 9
588 	 7
589 	 7
590 	 5
591 	 13
592 	 11
593 	 11
594 	 18
595 	 10
596 	 5
597 	 19
598 	 19
599 	 10
600 	 3
601 	 16
602 	 10
603 	 6
604 	 6
605 	 1
606 	 15
607 	 6
608 	 1
609 	 6
610 	 19
611 	 4
612 	 11
613 	 15
614 	 4
615 	 18
616 	 4
617 	 12
618 	 19
619 	 4
620 	 18
621 	 10
622 	 3
623 	 5
624 	 10
625 	 2
626 	 5
627 	 15
628 	 20
629 	 10
630 	 5
631 	 1
632 	 18
633 	 16
634 	 7
635 	 9
636 	 19
637 	 6
638 	 7
639 	 10
640 	 11
641 	 7
642 	 4
643 	 6
644 	 5
645 	 3
646 	 19
647 	 8
648 	 14
649 	 4
650 	 19
651 	 12
652 	 10
653 	 19
654 	 6
655 	 14
656 	 2
657 	 19
658 	 5
659 	 13
660 	 9
661 	 10
662 	 15
663 	 13
664 	 9
665 	 4
666 	 8
667 	 9
668 	 1
669 	 7
670 	 4
671 	 5
672 	 4
673 	 8
674 	 16
675 	 4
676 	 7
677 	 19
678 	 19
679 	 1
680 	 20
681 	 1
682 	 1
683 	 7
684 	 10
685 	 9
686 	 7
687 	 4
688 	 10
689 	 20
690 	 16
691 	 1
692 	 13
693 	 7
694 	 11
695 	 4
696 	 19
697 	 10
698 	 11
699 	 10
700 	 19
701 	 5
702 	 1
703 	 2
704 	 14
705 	 12
706 	 9
707 	 8
708 	 5
709 	 10
710 	 10
711 	 16
712 	 5
713 	 7
714 	 2
715 	 2
716 	 15
717 	 11
718 	 16
719 	 3
720 	 11
721 	 1
722 	 11
723 	 16
724 	 10
725 	 1
726 	 16
727 	 17
728 	 1
729 	 16
730 	 11
731 	 5
732 	 10
733 	 2
734 	 11
735 	 10
736 	 11
737 	 3
738 	 6
739 	 7
740 	 10
741 	 16
742 	 2
743 	 19
744 	 4
745 	 15
746 	 10
747 	 5
748 	 6
749 	 15
750 	 5
751 	 2
752 	 2
753 	 2
754 	 2
755 	 10
756 	 10
757 	 5
758 	 10
759 	 6
760 	 11
761 	 15
762 	 11
763 	 2
764 	 10
765 	 4
766 	 18
767 	 19
768 	 3
769 	 8
770 	 1
771 	 2
772 	 2
773 	 10
774 	 1
 
Charges

1 	 0
2 	 0
3 	 0
4 	 0
5 	 0
6 	 0
7 	 0
8 	 0
9 	 0
10 	 0
11 	 0
12 	 0
13 	 0
14 	 0
15 	 0
16 	 0
17 	 0
18 	 0
19 	 0
20 	 0
21 	 0
22 	 0
23 	 0
24 	 0
25 	 0
26 	 0
27 	 0
28 	 0
29 	 0
30 	 0
31 	 0
32 	 0
33 	 0
34 	 0
35 	 0
36 	 0
37 	 0
38 	 0
39 	 0
40 	 0
41 	 0
42 	 0
43 	 0
44 	 0
45 	 0
46 	 0
47 	 0
48 	 0
49 	 0
50 	 0
51 	 0
52 	 0
53 	 0
54 	 0
55 	 0
56 	 0
57 	 0
58 	 0
59 	 0
60 	 0
61 	 0
62 	 0
63 	 0
64 	 0
65 	 0
66 	 0
67 	 0
68 	 0
69 	 0
70 	 0
71 	 0
72 	 0
73 	 0
74 	 0
75 	 0
76 	 0
77 	 0
78 	 0
79 	 0
80 	 0
81 	 0
82 	 0
83 	 0
84 	 0
85 	 0
86 	 0
87 	 0
88 	 0
89 	 0
90 	 0
91 	 0
92 	 0
93 	 0
94 	 0
95 	 0
96 	 0
97 	 0
98 	 0
99 	 0
100 	 0
101 	 0
102 	 0
103 	 0
104 	 0
105 	 0
106 	 0
107 	 0
108 	 0
109 	 0
110 	 0
111 	 0
112 	 0
113 	 0
114 	 0
115 	 0
116 	 0
117 	 0
118 	 0
119 	 0
120 	 0
121 	 0
122 	 0
123 	 0
124 	 0
125 	 0
126 	 0
127 	 0
128 	 0
129 	 0
130 	 0
131 	 0
132 	 0
133 	 0
134 	 0
135 	 0
136 	 0
137 	 0
138 	 0
139 	 0
140 	 0
141 	 0
142 	 0
143 	 0
144 	 0
145 	 0
146 	 0
147 	 0
148 	 0
149 	 0
150 	 0
151 	 0
152 	 0
153 	 0
154 	 0
155 	 0
156 	 0
157 	 0
158 	 0
159 	 0
160 	 0
161 	 0
162 	 0
163 	 0
164 	 0
165 	 0
166 	 0
167 	 0
168 	 0
169 	 0
170 	 0
171 	 0
172 	 0
173 	 0
174 	 0
175 	 0
176 	 0
177 	 0
178 	 0
179 	 0
180 	 0
181 	 0
182 	 0
183 	 0
184 	 0
185 	 0
186 	 0
187 	 0
188 	 0
189 	 0
190 	 0
191 	 0
192 	 0
193 	 0
194 	 0
195 	 0
196 	 0
197 	 0
198 	 0
199 	 0
200 	 0
201 	 0
202 	 0
203 	 0
204 	 0
205 	 0
206 	 0
207 	 0
208 	 0
209 	 0
210 	 0
211 	 0
212 	 0
213 	 0
214 	 0
215 	 0
216 	 0
217 	 0
218 	 0
219 	 0
220 	 0
221 	 0
222 	 0
223 	 0
224 	 0
225 	 0
226 	 0
227 	 0
228 	 0
229 	 0
230 	 0
231 	 0
232 	 0
233 	 0
234 	 0
235 	 0
236 	 0
237 	 0
238 	 0
239 	 0
240 	 0
241 	 0
242 	 0
243 	 0
244 	 0
245 	 0
246 	 0
247 	 0
248 	 0
249 	 0
250 	 0
251 	 0
252 	 0
253 	 0
254 	 0
255 	 0
256 	 0
257 	 0
258 	 0
259 	 0
260 	 0
261 	 0
262 	 0
263 	 0
264 	 0
265 	 0
266 	 0
267 	 0
268 	 0
269 	 0
270 	 0
271 	 0
272 	 0
273 	 0
274 	 0
275 	 0
276 	 0
277 	 0
278 	 0
279 	 0
280 	 0
281 	 0
282 	 0
283 	 0
284 	 0
285 	 0
286 	 0
287 	 0
288 	 0
289 	 0
290 	 0
291 	 0
292 	 0
293 	 0
294 	 0
295 	 0
296 	 0
297 	 0
298 	 0
299 	 0
300 	 0
301 	 0
302 	 0
303 	 0
304 	 0
305 	 0
306 	 0
307 	 0
308 	 0
309 	 0
310 	 0
311 	 0
312 	 0
313 	 0
314 	 0
315 	 0
316 	 0
317 	 0
318 	 0
319 	 0
320 	 0
321 	 0
322 	 0
323 	 0
324 	 0
325 	 0
326 	 0
327 	 0
328 	 0
329 	 0
330 	 0
331 	 0
332 	 0
333 	 0
334 	 0
335 	 0
336 	 0
337 	 0
338 	 0
339 	 0
340 	 0
341 	 0
342 	 0
343 	 0
344 	 0
345 	 0
346 	 0
347 	 0
348 	 0
349 	 0
350 	 0
351 	 0
352 	 0
353 	 0
354 	 0
355 	 0
356 	 0
357 	 0
358 	 0
359 	 0
360 	 0
361 	 0
362 	 0
363 	 0
364 	 0
365 	 0
366 	 0
367 	 0
368 	 0
369 	 0
370 	 0
371 	 0
372 	 0
373 	 0
374 	 0
375 	 0
376 	 0
377 	 0
378 	 0
379 	 0
380 	 0
381 	 0
382 	 0
383 	 0
384 	 0
385 	 0
386 	 0
387 	 0
388 	 0
389 	 0
390 	 0
391 	 0
392 	 0
393 	 0
394 	 0
395 	 0
396 	 0
397 	 0
398 	 0
399 	 0
400 	 0
401 	 0
402 	 0
403 	 0
404 	 0
405 	 0
406 	 0
407 	 0
408 	 0
409 	 0
410 	 0
411 	 0
412 	 0
413 	 0
414 	 0
415 	 0
416 	 0
417 	 0
418 	 0
419 	 0
420 	 0
421 	 0
422 	 0
423 	 0
424 	 0
425 	 0
426 	 0
427 	 0
428 	 0
429 	 0
430 	 0
431 	 0
432 	 0
433 	 0
434 	 0
435 	 0
436 	 0
437 	 0
438 	 0
439 	 0
440 	 0
441 	 0
442 	 0
443 	 0
444 	 0
445 	 0
446 	 0
447 	 0
448 	 0
449 	 0
450 	 0
451 	 0
452 	 0
453 	 0
454 	 0
455 	 0
456 	 0
457 	 0
458 	 0
459 	 0
460 	 0
461 	 0
462 	 0
463 	 0
464 	 0
465 	 0
466 	 0
467 	 0
468 	 0
469 	 0
470 	 0
471 	 0
472 	 0
473 	 0
474 	 0
475 	 0
476 	 0
477 	 0
478 	 0
479 	 0
480 	 0
481 	 0
482 	 0
483 	 0
484 	 0
485 	 0
486 	 0
487 	 0
488 	 0
489 	 0
490 	 0
491 	 0
492 	 0
493 	 0
494 	 0
495 	 0
496 	 0
497 	 0
498 	 0
499 	 0
500 	 0
501 	 0
502 	 0
503 	 0
504 	 0
505 	 0
506 	 0
507 	 0
508 	 0
509 	 0
510 	 0
511 	 0
512 	 0
513 	 0
514 	 0
515 	 0
516 	 0
517 	 0
518 	 0
519 	 0
520 	 0
521 	 0
522 	 0
523 	 0
524 	 0
525 	 0
526 	 0
527 	 0
528 	 0
529 	 0
530 	 0
531 	 0
532 	 0
533 	 0
534 	 0
535 	 0
536 	 0
537 	 0
538 	 0
539 	 0
540 	 0
541 	 0
542 	 0
543 	 0
544 	 0
545 	 0
546 	 0
547 	 0
548 	 0
549 	 0
550 	 0
551 	 0
552 	 0
553 	 0
554 	 0
555 	 0
556 	 0
557 	 0
558 	 0
559 	 0
560 	 0
561 	 0
562 	 0
563 	 0
564 	 0
565 	 0
566 	 0
567 	 0
568 	 0
569 	 0
570 	 0
571 	 0
572 	 0
573 	 0
574 	 0
575 	 0
576 	 0
577 	 0
578 	 0
579 	 0
580 	 0
581 	 0
582 	 0
583 	 0
584 	 0
585 	 0
586 	 0
587 	 0
588 	 0
589 	 0
590 	 0
591 	 0
592 	 0
593 	 0
594 	 0
595 	 0
596 	 0
597 	 0
598 	 0
599 	 0
600 	 0
601 	 0
602 	 0
603 	 0
604 	 0
605 	 0
606 	 0
607 	 0
608 	 0
609 	 0
610 	 0
611 	 0
612 	 0
613 	 0
614 	 0
615 	 0
616 	 0
617 	 0
618 	 0
619 	 0
620 	 0
621 	 0
622 	 0
623 	 0
624 	 0
625 	 0
626 	 0
627 	 0
628 	 0
629 	 0
630 	 0
631 	 0
632 	 0
633 	 0
634 	 0
635 	 0
636 	 0
637 	 0
638 	 0
639 	 0
640 	 0
641 	 0
642 	 0
643 	 0
644 	 0
645 	 0
646 	 0
647 	 0
648 	 0
649 	 0
650 	 0
651 	 0
652 	 0
653 	 0
654 	 0
655 	 0
656 	 0
657 	 0
658 	 0
659 	 0
660 	 0
661 	 0
662 	 0
663 	 0
664 	 0
665 	 0
666 	 0
667 	 0
668 	 0
669 	 0
670 	 0
671 	 0
672 	 0
673 	 0
674 	 0
675 	 0
676 	 0
677 	 0
678 	 0
679 	 0
680 	 0
681 	 0
682 	 0
683 	 0
684 	 0
685 	 0
686 	 0
687 	 0
688 	 0
689 	 0
690 	 0
691 	 0
692 	 0
693 	 0
694 	 0
695 	 0
696 	 0
697 	 0
698 	 0
699 	 0
700 	 0
701 	 0
702 	 0
703 	 0
704 	 0
705 	 0
706 	 0
707 	 0
708 	 0
709 	 0
710 	 0
711 	 0
712 	 0
713 	 0
714 	 0
715 	 0
716 	 0
717 	 0
718 	 0
719 	 0
720 	 0
721 	 0
722 	 0
723 	 0
724 	 0
725 	 0
726 	 0
727 	 0
728 	 0
729 	 0
730 	 0
731 	 0
732 	 0
733 	 0
734 	 0
735 	 0
736 	 0
737 	 0
738 	 0
739 	 0
740 	 0
741 	 0
742 	 0
743 	 0
744 	 0
745 	 0
746 	 0
747 	 0
748 	 0
749 	 0
750 	 0
751 	 0
752 	 0
753 	 0
754 	 0
755 	 0
756 	 0
757 	 0
758 	 0
759 	 0
760 	 0
761 	 0
762 	 0
763 	 0
764 	 0
765 	 0
766 	 0
767 	 0
768 	 0
769 	 0
770 	 0
771 	 0
772 	 0
773 	 0
774 	 0
